ret: 0.49299235631652927
mtx:
 [[1.45471266e+03 0.00000000e+00 9.58509159e+02]
 [0.00000000e+00 1.46180238e+03 5.20946534e+02]
 [0.00000000e+00 0.00000000e+00 1.00000000e+00]]
dist畸变值:
 [[ 0.08165508 -0.14405316 -0.00305112 -0.00076036  0.23475882]]
rvecs旋转（向量）外参:
 (array([[ 0.05974177],
       [-0.39411253],
       [-0.00399488]]), array([[ 0.12173145],
       [-0.29373017],
       [-0.02461921]]), array([[-0.08669819],
       [-0.03377639],
       [-0.03911341]]), array([[ 0.17336494],
       [-0.11188888],
       [-0.01894482]]), array([[ 0.0794212 ],
       [-0.41159925],
       [ 0.00394039]]), array([[ 0.21641417],
       [-0.37217929],
       [ 0.01973073]]), array([[ 0.14673154],
       [-0.27297546],
       [-0.05182085]]), array([[ 0.30878798],
       [-0.09320787],
       [ 0.07565858]]), array([[ 0.27970486],
       [-0.24797286],
       [-0.00577274]]), array([[-0.10071119],
       [-0.29606501],
       [ 0.00634224]]), array([[-0.13058069],
       [-0.09185843],
       [ 0.03424163]]), array([[ 0.15100676],
       [-0.27386536],
       [ 0.06699452]]), array([[ 0.28060192],
       [-0.1666277 ],
       [ 0.03385781]]), array([[ 0.0369714 ],
       [-0.36022405],
       [-0.0090532 ]]), array([[ 0.04462597],
       [-0.35628941],
       [-0.0164921 ]]), array([[ 0.03876437],
       [-0.22980702],
       [-0.00786241]]), array([[ 0.24989879],
       [-0.38476672],
       [ 0.01013481]]), array([[ 0.14424233],
       [-0.16730407],
       [ 0.03080269]]), array([[-0.02173353],
       [ 0.25582706],
       [-0.08195504]]), array([[ 0.27452967],
       [-0.38103341],
       [-0.00845134]]), array([[ 0.07218887],
       [-0.09726958],
       [ 0.06789623]]), array([[ 0.22673384],
       [-0.40981731],
       [ 0.01277581]]), array([[-0.00511481],
       [-0.10182181],
       [-0.02306792]]), array([[ 0.25523347],
       [-0.2599508 ],
       [-0.02273401]]), array([[ 0.35602766],
       [-0.01856324],
       [ 0.10326968]]), array([[ 0.21313318],
       [-0.12672885],
       [ 0.10452745]]), array([[ 0.26218741],
       [-0.2437863 ],
       [-0.00160953]]), array([[ 0.12393282],
       [-0.21013262],
       [ 0.01255155]]), array([[ 0.21344278],
       [-0.28203637],
       [ 0.03383299]]), array([[-0.12049853],
       [-0.08710217],
       [ 0.04152166]]), array([[ 0.2343373 ],
       [-0.38481096],
       [-0.02085235]]), array([[-0.00052152],
       [-0.06877055],
       [-0.02442052]]), array([[-0.00316937],
       [-0.02482096],
       [-0.02339253]]), array([[ 0.26815799],
       [-0.30130964],
       [ 0.01258324]]), array([[ 0.19774416],
       [-0.27293884],
       [ 0.02519163]]), array([[ 0.03103342],
       [-0.30511532],
       [-0.01521591]]), array([[ 0.23390925],
       [-0.20511028],
       [-0.0584593 ]]), array([[-0.00510082],
       [-0.10532913],
       [-0.02264206]]), array([[-0.0277838 ],
       [ 0.25826269],
       [-0.08214928]]), array([[ 0.2220091 ],
       [-0.26691245],
       [ 0.03061084]]), array([[ 0.31981648],
       [-0.2737691 ],
       [ 0.08443675]]), array([[ 0.03712303],
       [-0.09398745],
       [ 0.04177322]]), array([[ 0.09473704],
       [-0.37664127],
       [-0.00318332]]), array([[ 0.24716669],
       [-0.15914613],
       [-0.0057933 ]]), array([[ 0.254643  ],
       [-0.04137969],
       [-0.02632978]]), array([[ 0.0876934 ],
       [-0.12799203],
       [ 0.06137866]]), array([[ 0.22299082],
       [-0.3067146 ],
       [-0.00708192]]), array([[ 0.24773047],
       [-0.39526651],
       [-0.00712393]]), array([[ 0.2816303 ],
       [-0.510362  ],
       [-0.01960868]]), array([[ 0.33097336],
       [-0.10203157],
       [ 0.08730909]]), array([[ 0.01853176],
       [-0.07531386],
       [ 0.03459679]]), array([[ 0.2475578 ],
       [-0.28514771],
       [ 0.02114698]]), array([[ 0.19758822],
       [-0.15088104],
       [-0.01169269]]), array([[0.3401844 ],
       [0.01702667],
       [0.10938999]]), array([[ 0.26698445],
       [-0.23564614],
       [ 0.01364401]]), array([[ 0.26941728],
       [-0.23518798],
       [-0.03133137]]), array([[ 0.2352797 ],
       [-0.08346143],
       [-0.01356842]]), array([[ 0.15744289],
       [-0.25238614],
       [-0.05923779]]), array([[-0.07664458],
       [-0.03796661],
       [-0.05235471]]), array([[ 0.01155678],
       [-0.14440989],
       [-0.02542967]]), array([[ 0.22973274],
       [-0.23660597],
       [ 0.03240254]]), array([[ 0.18489633],
       [-0.17277179],
       [-0.017729  ]]), array([[ 0.26210921],
       [-0.3392709 ],
       [ 0.00855541]]), array([[ 0.24079658],
       [-0.32939699],
       [-0.01048319]]), array([[ 0.2576847 ],
       [-0.35322256],
       [-0.00407698]]), array([[ 0.35585055],
       [-0.15358814],
       [ 0.0768523 ]]), array([[ 0.03174057],
       [-0.23488377],
       [-0.0117172 ]]), array([[ 0.18733325],
       [-0.30231645],
       [ 0.01856609]]), array([[ 0.25508095],
       [-0.34592926],
       [ 0.05342485]]), array([[ 0.0032595 ],
       [-0.04191345],
       [-0.00932053]]), array([[ 0.15795925],
       [-0.18914062],
       [ 0.06335513]]), array([[ 0.24925751],
       [-0.06830175],
       [-0.02950454]]), array([[ 0.31627737],
       [-0.37902381],
       [-0.05111529]]), array([[ 0.17257815],
       [-0.05920924],
       [-0.05190875]]), array([[ 0.28534395],
       [-0.34949048],
       [-0.00549025]]), array([[ 0.22110135],
       [-0.32787513],
       [-0.08601497]]), array([[ 0.22961246],
       [-0.20563625],
       [-0.0576748 ]]), array([[ 0.23838416],
       [-0.14825606],
       [-0.04638396]]), array([[ 0.18180873],
       [-0.02210142],
       [-0.05896054]]), array([[ 0.25106573],
       [-0.26992221],
       [ 0.02088202]]), array([[ 0.2493111 ],
       [-0.25377582],
       [ 0.01169699]]), array([[ 0.1803468 ],
       [-0.09328977],
       [-0.03255918]]), array([[ 0.28881778],
       [-0.38664365],
       [-0.02410294]]), array([[-0.07267418],
       [-0.22772185],
       [ 0.02461214]]), array([[-0.00313324],
       [-0.0676697 ],
       [-0.02384728]]), array([[ 0.16525469],
       [ 0.00197057],
       [-0.06824717]]), array([[ 0.27766522],
       [-0.23893284],
       [-0.0280967 ]]), array([[-0.12185751],
       [-0.09100839],
       [ 0.03952069]]), array([[-0.00332996],
       [-0.02020297],
       [-0.02335501]]), array([[ 0.20672473],
       [-0.32794604],
       [-0.08972799]]), array([[ 0.11085399],
       [-0.18034484],
       [ 0.03627795]]), array([[ 0.30831776],
       [-0.25705499],
       [ 0.07540188]]), array([[-0.02673787],
       [-0.05434445],
       [-0.03098838]]), array([[ 0.10250941],
       [-0.36013327],
       [-0.02369834]]), array([[ 0.10452955],
       [-0.1980575 ],
       [ 0.04168322]]), array([[ 0.28491447],
       [-0.49070883],
       [-0.01476939]]), array([[ 0.27995847],
       [-0.24957981],
       [-0.02406102]]), array([[ 0.17161762],
       [-0.08793192],
       [-0.03404688]]), array([[-0.02631102],
       [-0.05428202],
       [-0.03093103]]), array([[ 0.23817131],
       [-0.40810178],
       [ 0.00541629]]), array([[ 0.13287328],
       [-0.1420219 ],
       [ 0.05930126]]), array([[-0.00455737],
       [-0.06803337],
       [-0.02387843]]), array([[ 0.01847749],
       [-0.299002  ],
       [-0.01815697]]), array([[ 0.18424065],
       [-0.23766254],
       [-0.0584948 ]]), array([[ 2.37988019e-03],
       [-2.39440347e-02],
       [-6.29635664e-05]]), array([[ 0.14262316],
       [-0.28592457],
       [ 0.00413829]]), array([[ 0.21762783],
       [-0.37663557],
       [-0.05903053]]), array([[ 0.16591452],
       [-0.30266977],
       [-0.06658032]]), array([[ 0.0608945 ],
       [-0.09066458],
       [ 0.06400565]]), array([[ 0.29134797],
       [-0.10362167],
       [ 0.07526692]]), array([[ 0.00195153],
       [-0.05362028],
       [-0.0256835 ]]))
tvecs平移（向量）外参:
 (array([[-384.75690827],
       [-180.46380495],
       [1117.35687158]]), array([[-222.54127069],
       [-226.86030156],
       [1183.91370454]]), array([[-292.08086373],
       [-170.07970973],
       [1150.4854398 ]]), array([[-202.47470962],
       [-152.39943168],
       [1198.61945727]]), array([[-379.90858911],
       [-195.25136642],
       [1104.55432058]]), array([[-637.90662957],
       [ -60.06039239],
       [1443.97282839]]), array([[-223.13762458],
       [-143.50287323],
       [1212.79157891]]), array([[-379.85497165],
       [ -92.95241192],
       [1456.77673567]]), array([[-206.21568962],
       [-308.23088427],
       [1308.01517741]]), array([[-294.04673251],
       [-187.49392321],
       [1017.1418946 ]]), array([[ -97.71575853],
       [-185.8358322 ],
       [1064.39455101]]), array([[-468.16208395],
       [-147.06754266],
       [1121.57563077]]), array([[-352.02034805],
       [-118.43328815],
       [1447.14119921]]), array([[-393.59647213],
       [-158.37466696],
       [1125.19876709]]), array([[-376.31230064],
       [-175.02422513],
       [1123.98070381]]), array([[-390.96143109],
       [-179.01009265],
       [1111.17052132]]), array([[-256.33485596],
       [-133.52043037],
       [1299.63796906]]), array([[-234.74953424],
       [-247.6935003 ],
       [1097.50814618]]), array([[-186.73929376],
       [-230.03642262],
       [1258.50280195]]), array([[-186.6900251 ],
       [-206.63144122],
       [1335.83639808]]), array([[-167.3498107 ],
       [-245.85590425],
       [1101.79253448]]), array([[-305.51642921],
       [-105.61980815],
       [1290.94396199]]), array([[-411.5805566 ],
       [-272.52403688],
       [1094.09091113]]), array([[-288.0754759 ],
       [-275.91056376],
       [1265.84212287]]), array([[-104.29145597],
       [-144.06285372],
       [1340.66844574]]), array([[-412.69969461],
       [-228.80536939],
       [1133.83623312]]), array([[-229.01843434],
       [-286.09004366],
       [1313.52794571]]), array([[-389.56780017],
       [ -87.04715231],
       [1294.41827342]]), array([[-268.02490466],
       [-175.52407151],
       [1164.76096457]]), array([[ -86.62564388],
       [-198.83178138],
       [1062.03376829]]), array([[-207.74617159],
       [-144.72106483],
       [1338.23968542]]), array([[-422.4228041 ],
       [-272.93990619],
       [1112.5099841 ]]), array([[-374.39506105],
       [-274.85944329],
       [1133.12994333]]), array([[-102.76210433],
       [-217.71314889],
       [1343.83491766]]), array([[-224.50577868],
       [-115.14698138],
       [1222.282441  ]]), array([[-361.75143367],
       [-160.76852851],
       [1142.01781157]]), array([[-596.10383593],
       [-178.49878481],
       [1633.39783716]]), array([[-424.23594438],
       [-271.87177237],
       [1093.5814802 ]]), array([[-184.2305423],
       [-222.2779934],
       [1261.1022693]]), array([[-242.56177067],
       [-125.09546435],
       [1204.89514558]]), array([[-568.75669594],
       [-128.15478597],
       [1304.35906359]]), array([[-177.96596167],
       [-251.43679076],
       [1105.04728844]]), array([[-317.97731158],
       [-202.58133563],
       [1122.89482759]]), array([[-526.88004512],
       [-221.73968035],
       [1656.50353094]]), array([[-321.93518675],
       [-223.70553522],
       [1710.47966032]]), array([[-190.54676602],
       [-255.25372632],
       [1091.29918645]]), array([[-748.94827   ],
       [-172.41608311],
       [1561.65236604]]), array([[-207.64763508],
       [-161.08260408],
       [1341.01547356]]), array([[-527.65586623],
       [-107.05862254],
       [1313.96458315]]), array([[-390.69337765],
       [ -84.20041519],
       [1484.21736441]]), array([[-166.02831797],
       [-263.73827011],
       [1115.63194247]]), array([[ -87.8753873 ],
       [-208.57341046],
       [1347.44222108]]), array([[-189.5372504 ],
       [-170.49113283],
       [1204.81217921]]), array([[-102.42073719],
       [-150.59383678],
       [1367.45135191]]), array([[-146.82394637],
       [-285.99654087],
       [1309.45054745]]), array([[-262.83837583],
       [-285.97403457],
       [1279.06689308]]), array([[-379.97084488],
       [-233.91081363],
       [1700.84992813]]), array([[-176.86125449],
       [-233.23651418],
       [1207.22680412]]), array([[-310.30498113],
       [-179.07662932],
       [1147.74147804]]), array([[-380.91796645],
       [-249.80633242],
       [1072.95564099]]), array([[-251.38116953],
       [-224.20634521],
       [1129.06586193]]), array([[-171.74105791],
       [-148.30468611],
       [1210.86532405]]), array([[-138.91609276],
       [-206.16536937],
       [1343.23931093]]), array([[-785.2559249 ],
       [-191.37126272],
       [1539.75747   ]]), array([[-149.96684977],
       [-195.25797733],
       [1342.84431972]]), array([[-150.21843541],
       [-165.76547244],
       [1301.44542613]]), array([[-388.77921186],
       [-162.45209247],
       [1116.84549447]]), array([[-253.71801845],
       [ -77.3068005 ],
       [1267.26061297]]), array([[-586.59329504],
       [ -97.3118755 ],
       [1455.17654472]]), array([[-130.29545637],
       [-268.55177947],
       [1124.1153169 ]]), array([[-204.91164795],
       [-190.85688538],
       [1109.3060644 ]]), array([[-367.61235576],
       [-223.44071277],
       [1702.18126442]]), array([[-223.35838195],
       [-263.89539699],
       [1298.25344191]]), array([[-258.15854532],
       [-138.58007199],
       [1202.0860265 ]]), array([[-151.54084324],
       [-213.92708607],
       [1341.89161562]]), array([[-777.41989593],
       [-126.39737364],
       [1550.70179306]]), array([[-588.02456064],
       [-176.16669128],
       [1634.94861338]]), array([[-508.2246351 ],
       [ -84.49388143],
       [1526.62835607]]), array([[-267.94771003],
       [-135.95035727],
       [1205.35913112]]), array([[ -75.73197191],
       [-215.41073287],
       [1338.89570013]]), array([[ -82.85108016],
       [-219.77084917],
       [1342.77709296]]), array([[-495.12851032],
       [-176.20126274],
       [1148.47187749]]), array([[-225.99398191],
       [-216.42986407],
       [1288.71850553]]), array([[-218.57543163],
       [-227.54530821],
       [1026.45227755]]), array([[-422.97298351],
       [-273.27551471],
       [1113.59129544]]), array([[-322.83370205],
       [-139.24381435],
       [1201.69668575]]), array([[-261.06980257],
       [-296.04951267],
       [1289.44897826]]), array([[ -91.12784861],
       [-188.63991558],
       [1061.32749671]]), array([[-369.8471595 ],
       [-275.12522012],
       [1135.07394538]]), array([[-775.75963463],
       [-109.47467106],
       [1554.02415305]]), array([[-239.97666999],
       [-185.76348067],
       [1110.82520159]]), array([[-561.48828337],
       [-113.7789634 ],
       [1315.07850566]]), array([[-343.32048081],
       [-247.05143376],
       [1144.92847514]]), array([[-310.95150088],
       [-212.8575897 ],
       [1134.86032876]]), array([[-238.19089078],
       [-146.73581399],
       [1109.60895212]]), array([[-482.3772004 ],
       [-103.3152077 ],
       [1315.64614951]]), array([[-267.8688677 ],
       [-297.23341485],
       [1295.00500646]]), array([[-238.1067982 ],
       [-152.03726615],
       [1202.4642174 ]]), array([[-343.23208214],
       [-247.05831472],
       [1144.8521766 ]]), array([[-330.29978119],
       [-119.07887149],
       [1285.1117072 ]]), array([[-201.08279357],
       [-260.54019088],
       [1096.06658831]]), array([[-422.98030687],
       [-272.80589305],
       [1114.035234  ]]), array([[-351.48825138],
       [-144.38878599],
       [1145.30116379]]), array([[-208.94187116],
       [-160.1672193 ],
       [1210.91439569]]), array([[-117.83335989],
       [-274.0390716 ],
       [1133.24228014]]), array([[-459.78773983],
       [ -90.87900762],
       [1344.30680341]]), array([[-367.36796727],
       [-159.93311216],
       [1297.32277096]]), array([[-418.51463812],
       [-151.86371617],
       [1121.67867073]]), array([[-157.5386148 ],
       [-260.47030916],
       [1095.13570162]]), array([[-410.82932004],
       [ -58.90569658],
       [1467.55662561]]), array([[-402.77834929],
       [-273.80421308],
       [1120.57145372]]))
newcameramtx外参 [[1.78044434e+03 0.00000000e+00 9.41044566e+02]
 [0.00000000e+00 1.72435132e+03 5.88641632e+02]
 [0.00000000e+00 0.00000000e+00 1.00000000e+00]]